Climate data for Mumbai (Chhatrapati Shivaji International Airport) 1981–2010
Month	Jan	Feb	Mar	Apr	May	Jun	Jul	Aug	Sep	Oct	Nov	Dec	Year
Record high °C (°F)	37.1
(98.8)	39.6
(103.3)	41.7
(107.1)	42.2
(108)	41.0
(105.8)	37.1
(98.8)	34.8
(94.6)	33.5
(92.3)	36.4
(97.5)	37.9
(100.2)	37.4
(99.3)	39.8
(103.6)	42.2
(108)
Average high °C (°F)	31.1
(88)	31.3
(88.3)	32.8
(91)	33.2
(91.8)	33.6
(92.5)	32.4
(90.3)	30.4
(86.7)	30.0
(86)	30.7
(87.3)	33.4
(92.1)	33.7
(92.7)	32.4
(90.3)	32.1
(89.8)
Average low °C (°F)	17.3
(63.1)	18.2
(64.8)	21.4
(70.5)	24.2
(75.6)	27.0
(80.6)	26.6
(79.9)	25.5
(77.9)	25.1
(77.2)	24.8
(76.6)	23.8
(74.8)	21.3
(70.3)	18.5
(65.3)	22.8
(73)
Record low °C (°F)	7.4
(45.3)	8.5
(47.3)	13.8
(56.8)	16.9
(62.4)	20.2
(68.4)	19.8
(67.6)	21.2
(70.2)	19.4
(66.9)	20.7
(69.3)	16.7
(62.1)	13.3
(55.9)	10.6
(51.1)	7.4
(45.3)
Average rainfall mm (inches)	0.3
(0.012)	0.4
(0.016)	0.0
(0)	0.1
(0.004)	11.3
(0.445)	493.1
(19.413)	840.7
(33.098)	585.2
(23.039)	341.4
(13.441)	89.3
(3.516)	9.9
(0.39)	1.6
(0.063)	2,373.4
(93.441)
Average rainy days	0.0	0.1	0.0	0.0	0.8	13.6	22.9	21.5	13.9	3.4	0.6	0.2	77.0
Average relative humidity (%)	69	67	69	71	70	80	86	86	83	78	71	69	75
Mean monthly sunshine hours	269.5	257.6	274.3	283.7	296.2	148.6	73.4	75.9	165.1	240.2	245.8	253.2	2,583.5